pari_version=[2, 17, 3]
factor_N=[2, 2; 7, 1; 273727, 1; 191291054077238539, 1; 2778806880828370518402978361289226106539992143950047018858348906107, 1]
factor_N_twist=[2, 2; 19, 1; 5749, 1; 736013, 1; 131180052881, 1; 20033072740313, 1; 4820831355970401167364587956319363065593389810855266651, 1]
q=2778806880828370518402978361289226106539992143950047018858348906107
bitlen_q=221
h=1466122738063207659815884
bitlen_h=81
factor_h=[2, 2; 7, 1; 273727, 1; 191291054077238539, 1]
q_twist=4820831355970401167364587956319363065593389810855266651
bitlen_q_twist=182
h_twist=845097380895393028653093414403133036
bitlen_h_twist=120
factor_h_twist=[2, 2; 19, 1; 5749, 1; 736013, 1; 131180052881, 1; 20033072740313, 1]
gcd_h_q=1
gcd_h_twist_q_twist=1
signature_threshold_bitlen_q_ge_299=0
signature_threshold_h_le_8=0
q_primecertisvalid=1
q_twist_primecertisvalid=1
